#systemc_quantizer mode=uniform num_features=32 num_levels=30 layout=feature_major_cut_minor
0 -0.96560000000000001 -0.89659999999999995 -0.8276 -0.75870000000000004 -0.68969999999999998 -0.62070000000000003 -0.55179999999999996 -0.48280000000000001 -0.4138 -0.34489999999999998 -0.27589999999999998 -0.2069 -0.13800000000000001 -0.069000000000000006 -0.0001 0.068900000000000003 0.13789999999999999 0.20680000000000001 0.27579999999999999 0.3448 0.41370000000000001 0.48270000000000002 0.55169999999999997 0.62060000000000004 0.68959999999999999 0.75860000000000005 0.82750000000000001 0.89649999999999996 0.96550000000000002
1 -0.96560000000000001 -0.89659999999999995 -0.8276 -0.75870000000000004 -0.68969999999999998 -0.62070000000000003 -0.55179999999999996 -0.48280000000000001 -0.4138 -0.34489999999999998 -0.27589999999999998 -0.2069 -0.13800000000000001 -0.069000000000000006 -0.0001 0.068900000000000003 0.13789999999999999 0.20680000000000001 0.27579999999999999 0.3448 0.41370000000000001 0.48270000000000002 0.55169999999999997 0.62060000000000004 0.68959999999999999 0.75860000000000005 0.82750000000000001 0.89649999999999996 0.96550000000000002
2 -0.96560000000000001 -0.89659999999999995 -0.8276 -0.75870000000000004 -0.68969999999999998 -0.62070000000000003 -0.55179999999999996 -0.48280000000000001 -0.4138 -0.34489999999999998 -0.27589999999999998 -0.2069 -0.13800000000000001 -0.069000000000000006 -0.0001 0.068900000000000003 0.13789999999999999 0.20680000000000001 0.27579999999999999 0.3448 0.41370000000000001 0.48270000000000002 0.55169999999999997 0.62060000000000004 0.68959999999999999 0.75860000000000005 0.82750000000000001 0.89649999999999996 0.96550000000000002
3 -0.96560000000000001 -0.89659999999999995 -0.8276 -0.75870000000000004 -0.68969999999999998 -0.62070000000000003 -0.55179999999999996 -0.48280000000000001 -0.4138 -0.34489999999999998 -0.27589999999999998 -0.2069 -0.13800000000000001 -0.069000000000000006 -0.0001 0.068900000000000003 0.13789999999999999 0.20680000000000001 0.27579999999999999 0.3448 0.41370000000000001 0.48270000000000002 0.55169999999999997 0.62060000000000004 0.68959999999999999 0.75860000000000005 0.82750000000000001 0.89649999999999996 0.96550000000000002
4 -0.96560000000000001 -0.89659999999999995 -0.8276 -0.75870000000000004 -0.68969999999999998 -0.62070000000000003 -0.55179999999999996 -0.48280000000000001 -0.4138 -0.34489999999999998 -0.27589999999999998 -0.2069 -0.13800000000000001 -0.069000000000000006 -0.0001 0.068900000000000003 0.13789999999999999 0.20680000000000001 0.27579999999999999 0.3448 0.41370000000000001 0.48270000000000002 0.55169999999999997 0.62060000000000004 0.68959999999999999 0.75860000000000005 0.82750000000000001 0.89649999999999996 0.96550000000000002
5 -0.96560000000000001 -0.89659999999999995 -0.8276 -0.75870000000000004 -0.68969999999999998 -0.62070000000000003 -0.55179999999999996 -0.48280000000000001 -0.4138 -0.34489999999999998 -0.27589999999999998 -0.2069 -0.13800000000000001 -0.069000000000000006 -0.0001 0.068900000000000003 0.13789999999999999 0.20680000000000001 0.27579999999999999 0.3448 0.41370000000000001 0.48270000000000002 0.55169999999999997 0.62060000000000004 0.68959999999999999 0.75860000000000005 0.82750000000000001 0.89649999999999996 0.96550000000000002
6 -0.96560000000000001 -0.89659999999999995 -0.8276 -0.75870000000000004 -0.68969999999999998 -0.62070000000000003 -0.55179999999999996 -0.48280000000000001 -0.4138 -0.34489999999999998 -0.27589999999999998 -0.2069 -0.13800000000000001 -0.069000000000000006 -0.0001 0.068900000000000003 0.13789999999999999 0.20680000000000001 0.27579999999999999 0.3448 0.41370000000000001 0.48270000000000002 0.55169999999999997 0.62060000000000004 0.68959999999999999 0.75860000000000005 0.82750000000000001 0.89649999999999996 0.96550000000000002
7 -0.96560000000000001 -0.89659999999999995 -0.8276 -0.75870000000000004 -0.68969999999999998 -0.62070000000000003 -0.55179999999999996 -0.48280000000000001 -0.4138 -0.34489999999999998 -0.27589999999999998 -0.2069 -0.13800000000000001 -0.069000000000000006 -0.0001 0.068900000000000003 0.13789999999999999 0.20680000000000001 0.27579999999999999 0.3448 0.41370000000000001 0.48270000000000002 0.55169999999999997 0.62060000000000004 0.68959999999999999 0.75860000000000005 0.82750000000000001 0.89649999999999996 0.96550000000000002
8 -0.96560000000000001 -0.89659999999999995 -0.8276 -0.75870000000000004 -0.68969999999999998 -0.62070000000000003 -0.55179999999999996 -0.48280000000000001 -0.4138 -0.34489999999999998 -0.27589999999999998 -0.2069 -0.13800000000000001 -0.069000000000000006 -0.0001 0.068900000000000003 0.13789999999999999 0.20680000000000001 0.27579999999999999 0.3448 0.41370000000000001 0.48270000000000002 0.55169999999999997 0.62060000000000004 0.68959999999999999 0.75860000000000005 0.82750000000000001 0.89649999999999996 0.96550000000000002
9 -0.96560000000000001 -0.89659999999999995 -0.8276 -0.75870000000000004 -0.68969999999999998 -0.62070000000000003 -0.55179999999999996 -0.48280000000000001 -0.4138 -0.34489999999999998 -0.27589999999999998 -0.2069 -0.13800000000000001 -0.069000000000000006 -0.0001 0.068900000000000003 0.13789999999999999 0.20680000000000001 0.27579999999999999 0.3448 0.41370000000000001 0.48270000000000002 0.55169999999999997 0.62060000000000004 0.68959999999999999 0.75860000000000005 0.82750000000000001 0.89649999999999996 0.96550000000000002
10 -0.96560000000000001 -0.89659999999999995 -0.8276 -0.75870000000000004 -0.68969999999999998 -0.62070000000000003 -0.55179999999999996 -0.48280000000000001 -0.4138 -0.34489999999999998 -0.27589999999999998 -0.2069 -0.13800000000000001 -0.069000000000000006 -0.0001 0.068900000000000003 0.13789999999999999 0.20680000000000001 0.27579999999999999 0.3448 0.41370000000000001 0.48270000000000002 0.55169999999999997 0.62060000000000004 0.68959999999999999 0.75860000000000005 0.82750000000000001 0.89649999999999996 0.96550000000000002
11 -0.96560000000000001 -0.89659999999999995 -0.8276 -0.75870000000000004 -0.68969999999999998 -0.62070000000000003 -0.55179999999999996 -0.48280000000000001 -0.4138 -0.34489999999999998 -0.27589999999999998 -0.2069 -0.13800000000000001 -0.069000000000000006 -0.0001 0.068900000000000003 0.13789999999999999 0.20680000000000001 0.27579999999999999 0.3448 0.41370000000000001 0.48270000000000002 0.55169999999999997 0.62060000000000004 0.68959999999999999 0.75860000000000005 0.82750000000000001 0.89649999999999996 0.96550000000000002
12 -0.96560000000000001 -0.89659999999999995 -0.8276 -0.75870000000000004 -0.68969999999999998 -0.62070000000000003 -0.55179999999999996 -0.48280000000000001 -0.4138 -0.34489999999999998 -0.27589999999999998 -0.2069 -0.13800000000000001 -0.069000000000000006 -0.0001 0.068900000000000003 0.13789999999999999 0.20680000000000001 0.27579999999999999 0.3448 0.41370000000000001 0.48270000000000002 0.55169999999999997 0.62060000000000004 0.68959999999999999 0.75860000000000005 0.82750000000000001 0.89649999999999996 0.96550000000000002
13 -0.96560000000000001 -0.89659999999999995 -0.8276 -0.75870000000000004 -0.68969999999999998 -0.62070000000000003 -0.55179999999999996 -0.48280000000000001 -0.4138 -0.34489999999999998 -0.27589999999999998 -0.2069 -0.13800000000000001 -0.069000000000000006 -0.0001 0.068900000000000003 0.13789999999999999 0.20680000000000001 0.27579999999999999 0.3448 0.41370000000000001 0.48270000000000002 0.55169999999999997 0.62060000000000004 0.68959999999999999 0.75860000000000005 0.82750000000000001 0.89649999999999996 0.96550000000000002
14 -0.96560000000000001 -0.89659999999999995 -0.8276 -0.75870000000000004 -0.68969999999999998 -0.62070000000000003 -0.55179999999999996 -0.48280000000000001 -0.4138 -0.34489999999999998 -0.27589999999999998 -0.2069 -0.13800000000000001 -0.069000000000000006 -0.0001 0.068900000000000003 0.13789999999999999 0.20680000000000001 0.27579999999999999 0.3448 0.41370000000000001 0.48270000000000002 0.55169999999999997 0.62060000000000004 0.68959999999999999 0.75860000000000005 0.82750000000000001 0.89649999999999996 0.96550000000000002
15 -0.96560000000000001 -0.89659999999999995 -0.8276 -0.75870000000000004 -0.68969999999999998 -0.62070000000000003 -0.55179999999999996 -0.48280000000000001 -0.4138 -0.34489999999999998 -0.27589999999999998 -0.2069 -0.13800000000000001 -0.069000000000000006 -0.0001 0.068900000000000003 0.13789999999999999 0.20680000000000001 0.27579999999999999 0.3448 0.41370000000000001 0.48270000000000002 0.55169999999999997 0.62060000000000004 0.68959999999999999 0.75860000000000005 0.82750000000000001 0.89649999999999996 0.96550000000000002
16 -0.96560000000000001 -0.89659999999999995 -0.8276 -0.75870000000000004 -0.68969999999999998 -0.62070000000000003 -0.55179999999999996 -0.48280000000000001 -0.4138 -0.34489999999999998 -0.27589999999999998 -0.2069 -0.13800000000000001 -0.069000000000000006 -0.0001 0.068900000000000003 0.13789999999999999 0.20680000000000001 0.27579999999999999 0.3448 0.41370000000000001 0.48270000000000002 0.55169999999999997 0.62060000000000004 0.68959999999999999 0.75860000000000005 0.82750000000000001 0.89649999999999996 0.96550000000000002
17 -0.96560000000000001 -0.89659999999999995 -0.8276 -0.75870000000000004 -0.68969999999999998 -0.62070000000000003 -0.55179999999999996 -0.48280000000000001 -0.4138 -0.34489999999999998 -0.27589999999999998 -0.2069 -0.13800000000000001 -0.069000000000000006 -0.0001 0.068900000000000003 0.13789999999999999 0.20680000000000001 0.27579999999999999 0.3448 0.41370000000000001 0.48270000000000002 0.55169999999999997 0.62060000000000004 0.68959999999999999 0.75860000000000005 0.82750000000000001 0.89649999999999996 0.96550000000000002
18 -0.96560000000000001 -0.89659999999999995 -0.8276 -0.75870000000000004 -0.68969999999999998 -0.62070000000000003 -0.55179999999999996 -0.48280000000000001 -0.4138 -0.34489999999999998 -0.27589999999999998 -0.2069 -0.13800000000000001 -0.069000000000000006 -0.0001 0.068900000000000003 0.13789999999999999 0.20680000000000001 0.27579999999999999 0.3448 0.41370000000000001 0.48270000000000002 0.55169999999999997 0.62060000000000004 0.68959999999999999 0.75860000000000005 0.82750000000000001 0.89649999999999996 0.96550000000000002
19 -0.96560000000000001 -0.89659999999999995 -0.8276 -0.75870000000000004 -0.68969999999999998 -0.62070000000000003 -0.55179999999999996 -0.48280000000000001 -0.4138 -0.34489999999999998 -0.27589999999999998 -0.2069 -0.13800000000000001 -0.069000000000000006 -0.0001 0.068900000000000003 0.13789999999999999 0.20680000000000001 0.27579999999999999 0.3448 0.41370000000000001 0.48270000000000002 0.55169999999999997 0.62060000000000004 0.68959999999999999 0.75860000000000005 0.82750000000000001 0.89649999999999996 0.96550000000000002
20 -0.96560000000000001 -0.89659999999999995 -0.8276 -0.75870000000000004 -0.68969999999999998 -0.62070000000000003 -0.55179999999999996 -0.48280000000000001 -0.4138 -0.34489999999999998 -0.27589999999999998 -0.2069 -0.13800000000000001 -0.069000000000000006 -0.0001 0.068900000000000003 0.13789999999999999 0.20680000000000001 0.27579999999999999 0.3448 0.41370000000000001 0.48270000000000002 0.55169999999999997 0.62060000000000004 0.68959999999999999 0.75860000000000005 0.82750000000000001 0.89649999999999996 0.96550000000000002
21 -0.96560000000000001 -0.89659999999999995 -0.8276 -0.75870000000000004 -0.68969999999999998 -0.62070000000000003 -0.55179999999999996 -0.48280000000000001 -0.4138 -0.34489999999999998 -0.27589999999999998 -0.2069 -0.13800000000000001 -0.069000000000000006 -0.0001 0.068900000000000003 0.13789999999999999 0.20680000000000001 0.27579999999999999 0.3448 0.41370000000000001 0.48270000000000002 0.55169999999999997 0.62060000000000004 0.68959999999999999 0.75860000000000005 0.82750000000000001 0.89649999999999996 0.96550000000000002
22 -0.96560000000000001 -0.89659999999999995 -0.8276 -0.75870000000000004 -0.68969999999999998 -0.62070000000000003 -0.55179999999999996 -0.48280000000000001 -0.4138 -0.34489999999999998 -0.27589999999999998 -0.2069 -0.13800000000000001 -0.069000000000000006 -0.0001 0.068900000000000003 0.13789999999999999 0.20680000000000001 0.27579999999999999 0.3448 0.41370000000000001 0.48270000000000002 0.55169999999999997 0.62060000000000004 0.68959999999999999 0.75860000000000005 0.82750000000000001 0.89649999999999996 0.96550000000000002
23 -0.96560000000000001 -0.89659999999999995 -0.8276 -0.75870000000000004 -0.68969999999999998 -0.62070000000000003 -0.55179999999999996 -0.48280000000000001 -0.4138 -0.34489999999999998 -0.27589999999999998 -0.2069 -0.13800000000000001 -0.069000000000000006 -0.0001 0.068900000000000003 0.13789999999999999 0.20680000000000001 0.27579999999999999 0.3448 0.41370000000000001 0.48270000000000002 0.55169999999999997 0.62060000000000004 0.68959999999999999 0.75860000000000005 0.82750000000000001 0.89649999999999996 0.96550000000000002
24 -0.96560000000000001 -0.89659999999999995 -0.8276 -0.75870000000000004 -0.68969999999999998 -0.62070000000000003 -0.55179999999999996 -0.48280000000000001 -0.4138 -0.34489999999999998 -0.27589999999999998 -0.2069 -0.13800000000000001 -0.069000000000000006 -0.0001 0.068900000000000003 0.13789999999999999 0.20680000000000001 0.27579999999999999 0.3448 0.41370000000000001 0.48270000000000002 0.55169999999999997 0.62060000000000004 0.68959999999999999 0.75860000000000005 0.82750000000000001 0.89649999999999996 0.96550000000000002
25 -0.96560000000000001 -0.89659999999999995 -0.8276 -0.75870000000000004 -0.68969999999999998 -0.62070000000000003 -0.55179999999999996 -0.48280000000000001 -0.4138 -0.34489999999999998 -0.27589999999999998 -0.2069 -0.13800000000000001 -0.069000000000000006 -0.0001 0.068900000000000003 0.13789999999999999 0.20680000000000001 0.27579999999999999 0.3448 0.41370000000000001 0.48270000000000002 0.55169999999999997 0.62060000000000004 0.68959999999999999 0.75860000000000005 0.82750000000000001 0.89649999999999996 0.96550000000000002
26 -0.96560000000000001 -0.89659999999999995 -0.8276 -0.75870000000000004 -0.68969999999999998 -0.62070000000000003 -0.55179999999999996 -0.48280000000000001 -0.4138 -0.34489999999999998 -0.27589999999999998 -0.2069 -0.13800000000000001 -0.069000000000000006 -0.0001 0.068900000000000003 0.13789999999999999 0.20680000000000001 0.27579999999999999 0.3448 0.41370000000000001 0.48270000000000002 0.55169999999999997 0.62060000000000004 0.68959999999999999 0.75860000000000005 0.82750000000000001 0.89649999999999996 0.96550000000000002
27 -0.96560000000000001 -0.89659999999999995 -0.8276 -0.75870000000000004 -0.68969999999999998 -0.62070000000000003 -0.55179999999999996 -0.48280000000000001 -0.4138 -0.34489999999999998 -0.27589999999999998 -0.2069 -0.13800000000000001 -0.069000000000000006 -0.0001 0.068900000000000003 0.13789999999999999 0.20680000000000001 0.27579999999999999 0.3448 0.41370000000000001 0.48270000000000002 0.55169999999999997 0.62060000000000004 0.68959999999999999 0.75860000000000005 0.82750000000000001 0.89649999999999996 0.96550000000000002
28 -0.96560000000000001 -0.89659999999999995 -0.8276 -0.75870000000000004 -0.68969999999999998 -0.62070000000000003 -0.55179999999999996 -0.48280000000000001 -0.4138 -0.34489999999999998 -0.27589999999999998 -0.2069 -0.13800000000000001 -0.069000000000000006 -0.0001 0.068900000000000003 0.13789999999999999 0.20680000000000001 0.27579999999999999 0.3448 0.41370000000000001 0.48270000000000002 0.55169999999999997 0.62060000000000004 0.68959999999999999 0.75860000000000005 0.82750000000000001 0.89649999999999996 0.96550000000000002
29 -0.96560000000000001 -0.89659999999999995 -0.8276 -0.75870000000000004 -0.68969999999999998 -0.62070000000000003 -0.55179999999999996 -0.48280000000000001 -0.4138 -0.34489999999999998 -0.27589999999999998 -0.2069 -0.13800000000000001 -0.069000000000000006 -0.0001 0.068900000000000003 0.13789999999999999 0.20680000000000001 0.27579999999999999 0.3448 0.41370000000000001 0.48270000000000002 0.55169999999999997 0.62060000000000004 0.68959999999999999 0.75860000000000005 0.82750000000000001 0.89649999999999996 0.96550000000000002
30 -0.96560000000000001 -0.89659999999999995 -0.8276 -0.75870000000000004 -0.68969999999999998 -0.62070000000000003 -0.55179999999999996 -0.48280000000000001 -0.4138 -0.34489999999999998 -0.27589999999999998 -0.2069 -0.13800000000000001 -0.069000000000000006 -0.0001 0.068900000000000003 0.13789999999999999 0.20680000000000001 0.27579999999999999 0.3448 0.41370000000000001 0.48270000000000002 0.55169999999999997 0.62060000000000004 0.68959999999999999 0.75860000000000005 0.82750000000000001 0.89649999999999996 0.96550000000000002
31 -0.96560000000000001 -0.89659999999999995 -0.8276 -0.75870000000000004 -0.68969999999999998 -0.62070000000000003 -0.55179999999999996 -0.48280000000000001 -0.4138 -0.34489999999999998 -0.27589999999999998 -0.2069 -0.13800000000000001 -0.069000000000000006 -0.0001 0.068900000000000003 0.13789999999999999 0.20680000000000001 0.27579999999999999 0.3448 0.41370000000000001 0.48270000000000002 0.55169999999999997 0.62060000000000004 0.68959999999999999 0.75860000000000005 0.82750000000000001 0.89649999999999996 0.96550000000000002
